43 03 47 06 37 23
11 05 45 21 38 20
28 07 37 08 68 23
25 47 32 46 65 25
57 47 10 51 49 12
53 63 56 08 10 15
43 65 03 55 49 12
49 55 16 05 40 23
06 65 56 10 03 21
43 35 66 66 12 24
25 14 59 07 20 01
36 58 15 20 64 25
32 43 01 45 04 10
11 18 35 01 05 23
07 48 04 41 52 20
41 31 69 47 62 17
23 65 05 49 21 20
64 30 59 30 37 21
06 61 42 12 44 05
52 02 02 07 47 05
56 46 48 03 04 24
35 49 34 07 45 05
48 51 57 41 61 24
41 47 31 05 61 03
27 27 43 49 14 03
08 48 58 69 59 26
38 25 24 51 50 01
25 34 09 63 68 07
40 48 45 21 56 01
18 19 60 04 52 08
26 12 67 37 28 19
65 54 58 20 60 22
04 02 52 42 28 19
69 02 63 15 26 16
50 02 61 51 56 17
04 65 47 32 07 08
48 56 19 54 54 09
61 18 13 56 37 09
23 59 26 25 13 04
25 24 06 48 18 01
69 25 09 61 24 02
46 27 08 44 26 08
60 69 16 34 43 08
17 51 53 38 57 18
34 24 62 34 64 05
67 34 59 01 68 02
15 08 69 34 48 14
63 10 58 44 06 08
27 15 67 17 31 11
30 07 56 54 27 18
45 62 18 54 13 16
36 66 51 37 65 25
63 02 29 22 18 06
67 64 27 08 02 24
11 59 05 55 16 07
40 40 40 43 21 22
23 02 19 63 26 01
50 69 50 18 65 03
20 37 55 14 35 14
38 43 44 50 40 05
66 29 48 03 42 09
39 51 25 13 68 07
10 25 37 25 19 03
24 50 38 56 51 19
19 06 01 29 67 20
21 37 17 16 36 21
42 01 66 54 13 21
05 03 20 30 42 07
67 22 39 42 68 16
15 54 62 58 31 08
46 21 16 39 39 03
49 23 16 07 36 24
14 18 25 29 05 18
29 35 20 20 37 26
19 64 06 19 55 10
52 35 54 21 27 10
68 49 67 08 36 06
32 62 32 49 46 01
15 30 14 07 08 07
52 37 24 50 51 04
24 62 42 35 32 06
52 22 20 58 48 15
42 60 32 56 19 08
40 56 12 28 62 14
40 50 15 47 53 04
14 31 59 17 43 07
65 48 14 28 47 09
39 59 22 32 44 04
01 25 07 68 66 04
67 49 55 69 10 01
28 67 54 07 03 09
67 20 51 47 61 17
05 36 45 67 12 23
42 55 38 47 27 16
64 54 16 56 30 24
11 39 10 36 35 16
40 41 01 41 41 08
22 64 01 60 58 23
58 44 51 34 51 12
17 14 21 49 44 25
48 23 21 57 17 12
34 23 42 30 22 10
46 04 08 17 38 17
14 15 48 14 48 10
10 45 62 29 18 17
36 31 16 65 46 19
05 55 24 33 62 03
02 01 39 69 58 02
39 28 53 48 20 22
21 64 03 05 34 13
16 18 25 57 67 07
49 20 67 33 18 08
04 50 17 69 50 24
17 59 53 02 46 19
08 43 42 12 61 01
19 32 45 68 58 03
18 06 01 41 48 09
50 09 55 03 25 02
33 59 40 18 52 19
30 62 37 55 57 23
19 47 27 65 01 20
09 05 22 40 31 20
15 61 07 05 36 24
39 60 26 51 29 19
20 35 01 69 44 04
18 62 34 34 62 18
59 66 33 10 47 01
22 34 13 58 02 01
32 22 69 14 17 24
69 32 09 64 08 26
66 50 14 55 33 19
14 03 12 68 57 09
57 52 56 63 43 01
48 03 50 53 43 19
38 25 19 11 02 02
49 12 64 42 60 25
18 48 17 43 54 05
28 29 22 65 54 06
49 24 26 34 32 15
49 10 21 37 41 13
23 18 20 47 23 06
21 21 46 05 29 22
48 18 10 14 19 08
59 11 64 32 39 26
65 57 09 11 52 01
06 58 18 02 20 16
01 40 40 11 07 08
37 51 39 51 59 04
45 65 11 26 05 24
52 06 14 38 08 02
45 04 04 32 55 08
06 07 65 68 67 10
48 23 18 17 42 18
56 04 44 56 56 05
59 55 37 22 29 18
57 53 36 38 17 26
11 67 17 24 09 20
47 68 02 58 41 04
14 26 07 12 13 20
38 17 64 63 68 26
53 26 18 29 58 16
59 12 62 59 02 13
45 09 53 62 11 16
25 39 21 54 62 13
46 47 63 61 60 09
39 06 49 48 04 01
41 24 04 31 46 05
28 40 64 38 57 04
60 32 38 45 08 23
28 32 13 62 26 11
08 41 25 59 10 07
35 53 35 11 02 19
12 30 17 19 55 11
38 05 30 63 49 04
53 39 23 17 39 04
55 39 57 37 43 05
55 63 01 13 14 07
18 59 57 35 39 21
25 48 47 44 63 03
40 26 23 58 45 26
06 52 32 12 47 21
16 62 31 66 26 26
52 54 30 47 38 17
15 26 38 23 17 19
36 54 15 53 55 11
29 63 01 24 44 21
53 01 32 31 47 17
57 11 36 39 38 18
38 55 64 46 08 02
33 53 64 31 27 21
62 63 55 43 01 09
40 01 56 09 55 17
17 61 12 27 18 09
12 17 39 49 06 25
36 26 07 38 45 19
39 57 47 19 28 18
27 01 17 64 23 25
19 61 61 26 41 26
59 55 63 17 28 24
58 67 38 45 51 12
60 38 40 59 51 11
27 19 12 41 06 11
05 11 56 45 56 17
02 33 60 65 68 09
15 44 53 25 18 05
64 26 49 32 36 08
11 04 37 20 44 24
18 17 01 67 29 04
09 59 10 14 56 17
02 13 53 31 34 26
50 35 42 05 18 01
07 37 38 24 65 08
65 44 02 01 23 03
52 68 24 65 50 24
22 31 63 11 28 15
24 18 41 13 66 26
07 01 43 62 61 20
31 15 56 48 56 05
14 47 41 24 47 10
40 27 43 37 66 09
51 22 29 06 64 04
60 45 08 47 21 17
49 15 03 55 52 14
39 27 02 24 04 08
53 03 67 02 50 02
64 69 09 27 46 22
22 35 14 15 11 02
06 32 21 08 67 01
25 12 23 69 26 19
41 01 63 02 12 02
43 25 16 36 50 11
16 39 34 19 17 04
42 68 14 43 47 09
48 11 21 32 22 22
30 32 07 04 03 09
18 07 18 08 53 12
63 09 54 19 55 25
66 25 30 60 21 18
13 69 31 45 58 13
47 43 59 14 64 22
06 52 08 55 12 03
62 13 12 31 01 11
51 54 56 34 30 17
59 30 01 54 16 15
60 57 02 14 60 24
12 42 14 32 58 12
64 26 21 37 44 06
25 19 18 17 48 26
27 14 07 51 55 16
11 22 32 40 24 25
14 29 55 45 63 10
69 30 33 62 12 14
58 21 27 57 62 20
53 43 42 32 36 01
51 55 44 02 58 08
53 43 42 27 32 02
17 05 37 65 58 09
20 39 57 10 17 11
15 01 04 37 35 17
22 14 04 36 67 06
61 54 05 09 60 06
60 08 36 60 67 01
29 30 23 33 50 20
01 17 35 49 38 17
23 31 40 64 48 15
44 12 05 30 24 16
09 47 17 01 55 11
69 50 33 23 62 10
16 39 60 04 07 14
04 50 11 18 04 23
69 34 21 50 29 14
12 61 42 62 20 25
36 32 09 68 61 18
57 28 31 55 31 22
38 33 47 66 68 09
45 03 31 68 64 09
42 52 65 11 07 26
04 46 39 11 16 01
39 62 47 30 19 07
40 49 69 62 02 17
44 33 21 68 60 13
15 12 21 53 01 20
06 07 28 15 43 02
35 59 45 62 27 16
35 60 06 08 59 25
36 37 10 05 67 18
29 21 63 60 26 08
36 25 68 57 36 16
34 42 28 55 33 18
67 16 30 34 09 04
40 03 47 60 32 08
59 31 06 49 25 12
14 32 24 32 65 23
10 09 36 13 42 24
67 33 23 49 17 17
49 60 27 25 09 12
20 57 29 11 23 02
25 01 21 07 29 19
15 02 48 13 07 26
35 05 38 55 15 18
03 03 60 16 61 14
41 30 16 18 53 25
56 08 16 11 07 18
34 39 32 31 54 02
56 60 69 66 06 16
07 05 29 30 48 03
23 34 52 26 64 18
65 38 47 05 69 06
15 29 31 17 43 23
05 01 32 27 13 14
41 50 46 64 55 17
36 16 01 10 08 18
67 47 56 66 64 19
03 13 54 30 20 05
60 06 60 22 67 10
36 27 37 47 21 09
34 03 20 24 15 02
27 60 47 07 16 19
08 47 14 58 59 03
01 42 44 52 03 25
55 63 25 19 64 03
15 01 30 30 01 22
12 17 53 34 09 03
13 10 59 20 28 07
01 39 17 15 50 11
56 32 14 18 20 07
10 07 29 25 15 26
67 20 16 15 67 02
33 25 68 43 10 19
38 13 37 19 21 04
67 53 13 37 33 13
43 42 58 47 46 21
18 04 26 49 61 12
05 44 22 35 34 01
55 25 37 46 45 25
32 48 48 43 51 24
09 18 60 43 20 13
40 13 11 14 63 09
32 23 21 20 44 25
14 03 06 06 03 03
59 63 23 40 09 08
01 37 59 17 11 06
13 37 41 35 59 13
37 48 28 57 61 23
36 33 18 44 30 06
30 31 32 29 59 26
24 40 46 16 30 24
22 02 49 59 35 15
32 67 03 54 56 14
32 45 57 51 05 10
26 29 42 53 48 09
02 41 28 45 06 01
46 25 06 13 21 18
53 36 47 15 26 19
52 53 59 11 20 16
33 46 61 02 12 07
31 48 44 49 10 19
36 34 15 12 45 10
27 26 58 25 41 12
59 67 03 69 56 20
58 18 20 11 28 12
20 09 31 26 36 05
04 36 36 38 20 02
59 04 67 56 12 11
24 50 07 23 31 16
03 28 31 62 55 03
53 51 69 22 22 05
15 15 47 46 68 02
64 69 46 37 69 21
60 60 69 49 48 20
04 55 40 09 41 05
63 24 30 64 65 07
50 09 43 63 18 18
36 12 48 15 25 15
09 41 22 59 14 23
54 48 61 33 19 06
27 61 36 20 46 08
13 65 68 65 60 09
11 34 44 33 49 11
35 53 52 02 05 15
02 41 44 03 40 20
31 67 52 04 37 03
42 05 38 18 66 17
66 51 20 62 02 11
27 10 27 12 03 21
10 16 49 60 56 14
67 02 68 56 61 25
24 17 15 41 20 14
29 42 34 48 39 15
25 50 55 14 19 06
59 35 33 01 14 19
17 05 56 19 54 17
16 63 47 11 09 06
03 41 62 15 57 03
04 38 54 68 50 12
31 04 59 05 24 22
48 40 45 13 43 15
07 11 48 09 29 18
38 58 01 47 65 24
63 11 40 66 46 05
37 45 28 32 37 13
25 18 26 39 28 17
13 65 30 47 65 06
08 38 32 05 19 17
24 49 07 57 37 03
15 69 52 36 40 06
02 15 29 59 01 03
04 09 22 07 53 10
35 37 19 18 05 12
57 08 62 55 57 07
03 03 21 54 02 23
36 51 03 30 18 06
20 24 18 27 52 01
41 05 13 44 25 15
31 63 45 31 67 12
24 68 50 04 34 06
19 69 05 62 10 08
13 26 52 42 04 04
04 35 06 41 20 19
69 29 01 25 24 09
21 41 45 29 45 16
61 32 02 45 30 24
55 07 57 37 09 26
04 44 39 64 40 12
45 69 47 39 19 16
12 50 48 24 36 04
07 28 56 51 27 16
46 68 04 10 11 16
09 33 01 56 43 05
47 55 34 28 35 21
54 55 07 28 21 10
12 38 36 53 36 13
42 20 12 04 47 18
07 61 66 07 46 12
52 28 44 15 66 26
37 30 17 03 33 04
20 19 37 65 57 25
58 61 53 02 43 11
48 44 60 50 38 06
32 62 51 55 43 07
32 59 21 35 02 13
61 58 69 07 37 23
04 12 01 47 36 17
58 44 19 10 02 07
28 18 65 21 31 12
64 40 53 27 49 22
49 63 51 64 03 01
62 27 47 16 06 01
46 65 31 44 55 04
14 54 35 35 32 15
63 43 36 31 08 12
63 55 42 07 42 21
63 35 54 51 31 20
52 07 30 36 10 20
12 61 35 41 53 21
66 54 64 06 59 25
25 65 27 55 68 19
39 55 18 62 06 15
17 09 20 58 16 17
48 67 13 22 41 18
11 09 13 52 47 10
42 04 32 50 66 23
36 26 43 04 06 26
39 45 33 52 04 06
38 07 65 45 53 19
04 35 33 18 55 12
32 03 16 40 03 01
66 65 37 16 37 09
03 68 37 42 10 20
41 62 26 33 18 05
28 45 19 04 61 26
44 45 54 45 69 24
09 07 57 04 32 20
21 11 59 47 08 03
27 40 24 57 10 09
58 29 52 45 06 02
32 36 63 35 67 06
02 28 62 23 17 09
50 56 57 29 24 05
36 18 61 48 38 09
10 26 21 67 48 20
23 32 58 56 08 01
26 07 21 56 23 24
51 65 15 40 49 12
60 61 68 35 65 01
35 11 24 29 35 18
49 64 30 31 27 06
03 48 22 34 65 23
21 11 17 18 25 08
38 55 53 55 61 08
07 36 54 66 45 15
36 31 34 23 40 12
29 08 19 57 55 04
61 62 11 06 59 02
25 45 16 67 44 12
15 14 55 60 06 01
40 58 56 60 14 10
13 45 68 51 33 24
58 48 59 61 24 26
50 63 33 39 57 12
36 02 25 22 05 03
09 22 21 47 51 21
69 11 10 57 52 05
04 01 59 07 02 17
01 26 17 58 53 25
31 48 30 25 47 19
48 69 35 66 28 09
41 40 59 08 05 08
55 13 22 22 57 10
49 02 36 28 29 03
37 01 35 52 68 01
50 29 20 48 45 24
26 39 10 10 12 25
15 48 47 46 07 04
63 63 10 25 32 04
18 47 19 29 56 16
04 47 51 32 60 24
66 23 58 16 22 02
65 47 44 44 39 08
66 15 29 38 10 16
61 02 64 16 30 13
69 46 49 08 52 04
13 03 41 55 49 23
55 54 33 05 25 06
49 58 60 18 12 01
40 58 46 57 64 07
13 14 17 14 14 17
44 13 52 09 31 26
30 12 36 41 09 08
62 22 39 46 69 14
03 48 13 64 14 17
33 08 56 18 30 15
25 69 63 18 44 12
05 43 49 26 10 13
48 10 45 05 15 14
17 07 67 16 07 25
04 65 28 64 43 18
49 10 07 01 20 03
53 65 32 67 61 08
21 06 12 65 42 23
39 59 28 01 36 24
12 10 67 14 24 01
48 65 22 62 64 19
06 69 35 04 09 18
10 58 53 13 21 11
25 55 10 37 50 04
10 02 44 04 02 23
07 36 10 09 60 19
59 39 16 38 01 01
43 50 02 50 08 26
52 26 04 63 37 14
40 42 27 59 10 23
22 02 10 67 62 19
39 44 69 29 40 12
34 66 68 19 16 16
49 32 09 41 26 12
38 17 44 24 30 03
67 62 61 21 60 13
60 48 05 27 08 17
57 53 59 36 42 02
03 38 18 47 25 06
56 04 29 35 13 08
18 25 40 69 39 13
63 41 12 07 21 12
47 47 67 13 17 15
59 63 13 54 29 01
49 48 66 48 03 21
51 31 30 36 02 10
19 40 31 54 10 18
40 08 22 48 30 17
24 11 07 07 14 07
10 47 07 21 14 25
18 35 60 17 69 08
06 64 08 41 61 16
07 44 52 22 25 19
64 34 61 46 18 12
54 23 54 59 38 23
06 35 61 12 50 15
58 25 36 53 41 03
17 45 52 23 54 16
51 52 36 36 56 12
24 53 69 60 56 18
34 32 09 51 06 21
44 39 45 25 26 09
17 44 14 23 69 23
67 29 46 12 52 19
48 04 64 22 03 10
02 69 30 26 10 18
46 53 49 28 35 16
14 60 58 41 27 18
69 22 44 42 59 19
56 42 60 05 23 13
26 27 44 30 08 06
36 14 25 66 05 24
14 60 05 26 11 15
21 42 47 68 56 21
10 60 63 41 56 03
43 22 02 51 14 01
29 56 30 06 06 22
58 18 59 23 09 25
65 20 64 11 01 01
44 13 21 40 48 16
45 32 51 66 53 23
41 34 57 34 55 11
19 66 08 41 52 19
46 45 25 01 08 11
07 22 45 64 32 07
06 24 43 04 23 26
56 20 49 04 33 24
64 62 56 35 66 02
46 24 34 61 42 05
49 35 18 31 50 26
10 69 17 56 35 06
46 04 09 53 58 06
55 13 12 43 49 02
14 33 55 06 31 20
57 06 27 29 42 11
14 07 59 45 57 24
63 61 31 34 67 12
13 34 52 29 38 06
13 28 52 19 02 17
19 21 05 13 51 09
63 13 65 39 07 23
32 08 08 38 18 20
28 18 35 61 24 25
11 17 38 20 44 20
26 01 11 07 56 10
57 05 11 24 35 09
37 12 09 51 57 19
32 56 26 15 29 19
30 66 22 21 39 03
37 64 57 02 17 07
48 28 38 24 03 19
03 34 25 42 11 14
24 47 45 36 65 06
52 03 06 43 58 07
41 41 13 63 03 23
56 29 45 26 36 03
05 62 11 14 67 08
33 61 28 42 62 02
63 35 22 48 10 23
51 08 05 44 39 07
45 63 25 04 47 22
48 38 10 43 51 17
24 56 37 64 45 05
03 33 06 38 08 11
58 47 66 61 69 06
28 09 26 34 33 17
05 03 56 28 44 26
67 54 45 23 20 04
23 44 49 13 31 08
41 09 15 19 25 08
55 68 10 36 48 16
67 66 25 31 60 22
